[nodemcu]

trigger = 20440
sha1prf = 928000
aes_tiny = 900000
hmacsha1 = 232000
xor = 16.511111
mov = 16.511111
#aes = 51884
aes = 55874
des_openssl = 20316
aes_openssl = 74291
